183
172
163
157
196
103
160
171
191
111
166
184
185999999
164
161
121
137
166
1000450
1000236
117
142
116
198999999
185
108
158
112
174
144
101
116
191
154
182
153
192
172
1000104
1000023
111
167
174
163
178
185
112
127
147
183
155
155
136
145
114
146
181
136
166
133
109
199
140
102
127
190
148
138
140
193
178
191
130
176
108
159
183
108
107
105
187
158
158
135
146
104
168
172
196
132
171
100
114
118
146
164
190
160
121
173
104
172
119
185
133
192
101
112
171
193
170
196
183
135
107
141
151
154
102
161
116
129
150
100
134
104
169
110
131
103
137
130
198
155
107
173
162
150
173
136
189
149
193
170
194
151
112
195
100
157
156
125
190
151
197
115
122
110
157
115
115
188
166
112
165
178
152
175
171
163
186
178
187
139
168
140
122
193
142
175
134
120
122
112
173
101
130
191
122
117
116
181
129
167
168
118
162
155
122
153
117
177